011000000
101001111
011000011
100000010
011100000
010100000
010000010
011011111
100000010
100111100
010100000
000100000
100001010
000110001
011000000
110000001
010011110
011000001
100000010
100111100
010100000
010000011
011011111
100000010
100001100
000100000
100001010
000110001
011000000
110000010
010011110
011000010
100000010
100111100
010100000
010000011
011011111
100000010
100001100
000100000
100001010
000110001
011000000
110000011
010011110
011000011
100000010
100111100
010100000
010000011
011011111
100000010
100001100
000100000
100001010
000110001
011000000
110000100
010011110
010011111
011100000
100111110
110000000
011100001
010111110
011000000
101001111
101001110
011011111
100000010
100111100
010100000
000100000
100001010
000110001
011000000
110010110
011000001
100000010
100111100
010100000
010000011
011011111
100000010
100001100
000100000
100001010
000110001
011000000
110010110
011000010
100000010
100111100
010100000
010000011
011011111
100000010
100001100
000100000
100001010
000110001
011000000
110010110
011000011
100000010
100111100
010100000
010000011
011011111
100000010
100001100
000100000
100001010
000110001
011000000
110000111
010011110
010011111
011100000
100111110
110000101
011100010
010111110
011000000
101001111
101001110
101000011
100111100
010100100
010010000
010100101
100010000
100001110
010000100
011001000
000010001
100010100
001110000
100010010
001000001
011011111
000100000
100001010
000110001
011000000
110001001
010011110
011000111
100001110
010010011
110001000
010011111
011000000
101000011
011011111
100111110
110001000
011011111
010100001
011011111
000100000
100001010
000110001
011000000
110001010
010011110
011000001
100000010
011011111
010100000
010000001
011011111
000100000
100001010
000110001
011000000
110001011
010011110
011000010
100000010
011011111
010100000
010000001
011011111
000100000
100001010
000110001
011000000
110001100
010011110
011000011
100000010
011011111
010100000
010000001
011011111
000100000
100001010
000110001
011000000
110001101
010011110
011100011
010111110
111111111