011000000
101001111
011000001
101001110
100111100
010100010
100111000
010100011
100001000
010000000
010000000
010000000
010000000
001100001
100001100
001100000
000110100
011100011
001110000
001110001
011000010
001000001
100001000
000100000
001100001
100001100
001100000
000110101
011110110
001110001
011000001
001000001
100001000
000100000
001101001
011000110
100001110
000100000
001100000
100100110
000110110
011101101
001110001
011000001
001000001
100001000
000100000
001101001
011000101
100001110
000100000
001100000
100100110
000110111
100001000
001100001
100001100
001100000
000111010
100010000
001110000
100010110
001000000
001110000
100011010
001000000
001110000
100011110
001000000
001100000
100101010
000111000
100001000
010000000
010000000
010000000
010000000
001110001
100001100
001110000
001110000
001110000
001110000
001110000
001000000
100010010
001001011
011001110
100001010
000100000
100010110
001000000
001111100
011000001
100001010
000100000
100110010
001000001
100000100
001110000
100011010
001000000
001110000
100011110
001000000
001110000
100100010
001001100
011011110
100111110
000000000
010111100
010010000
010111011
010011111
010011111
010011110
010011110
011011110
100111110
110000010
111111111