011000000
101001111
011000000
101001110
101001101
101000011
101000100
101000101
101000110
011011110
100000010
100111100
000000000
010100010
010010000
010100011
011000001
100000010
100001100
000100000
001110000
001110000
001110000
001110000
101000100
011010000
100000010
100001000
000100101
011000001
100000010
100010100
010000000
100010010
001000100
011000100
100000010
100001000
000100000
100010010
001000100
011000010
100000010
100001000
000100000
100010010
001000100
011000001
100001010
000100000
100010010
001000100
011000001
100000010
100001100
010000000
001100000
001110000
001110000
001110000
001110101
011000100
100000010
100001000
010000110
100001100
010000000
001110000
100011010
001000110
011000001
100000010
100011000
010000000
001100000
001110000
001110000
001110000
100010110
001000101
011000011
100000010
011011001
001110001
011000100
001000000
100001110
000100000
001100110
011000011
100000010
100001000
010000001
011011001
000100000
001100000
100011010
000110110
011000010
100000010
100011000
001110000
100010110
001000101
011011101
101000110
011000011
100000010
011010101
001110001
011000010
001000000
100001110
000100110
011000011
100000010
011010101
001110000
100001010
000100111
100011100
001100001
100011000
001100000
000110110
011000001
100000010
100011000
001110000
100010110
001000101
100001100
001100110
011000001
100000010
100001000
010000000
001100000
100011010
000110000
100010110
001000101
100010000
100010110
000110110
110010100
011000001
100011010
000100001
110010001
011000111
100000010
011000001
001111110
011000000
100000010
100000010
011000000
110010101
011000001
100000010
100011000
010000001
011001000
110100010
101100111
100000010
100011100
000010001
011000001
001110000
100001110
000110011
011000000
100000010
011000000
110010011
011000001
001110000
100001010
000110010
011000110
100000010
011000001
001111110
011000101
100000010
100001100
010000000
100111010
001001110
011001000
100001010
000100111
011000011
100000010
100011100
010000111
011000001
100000010
100001000
010000000
010000000
010000000
010000000
010000000
001110000
100011110
001000111
011011110
100001110
000101000
011000011
100000010
100100000
001110000
100011110
001001101
100111100
010111101
010010000
010111110
010011111
010011111
011011110
100111110
110000000
111111111